31
-0.15  -.86539757E+01
-0.14  -.88382191E+01
-0.13  -.90031182E+01
-0.12  -.91498054E+01
-0.11  -.92794423E+01
-0.10  -.93932008E+01
-0.09  -.94922407E+01
-0.08  -.95774614E+01
-0.07  -.96497317E+01
-0.06  -.97100448E+01
-0.05  -.97591701E+01
-0.04  -.97977804E+01
-0.03  -.98267375E+01
-0.02  -.98467456E+01
-0.01  -.98585678E+01
0.00 -.98622205E+01
0.01  -.98581042E+01
0.02  -.98485626E+01
0.03  -.98322307E+01
0.04  -.98100556E+01
0.05  -.97825600E+01
0.06  -.97501823E+01
0.07  -.97131839E+01
0.08  -.96719911E+01
0.09  -.96268835E+01
0.10  -.95782242E+01
0.11  -.95263030E+01
0.12  -.94713517E+01
0.13  -.94134643E+01
0.14  -.93530135E+01
0.15  -.92901210E+01
